Fold      Accuracy    Precision    Recall        F1
------  ----------  -----------  --------  --------
1        0.565905      0.774834  0.354545  0.486486
2        0.652021      0.653488  0.851515  0.739474
3        0.630282      0.677612  0.68997   0.683735
4        0.589789      0.742424  0.446809  0.557875
5        0.643739      0.669333  0.762918  0.713068
6        0.627866      0.636574  0.835866  0.722733
7        0.62963       0.625793  0.899696  0.738155
8        0.643739      0.642697  0.869301  0.739018
9        0.594356      0.594646  0.945289  0.730047
10       0.604938      0.597765  0.975684  0.741339
avg      0.618226      0.661517  0.763159  0.685193
std      0.0533094     0.110562  0.396857  0.169346